{
 "cells": [
  {
   "cell_type": "markdown",
   "metadata": {},
   "source": [
    "<img src=\"tmva_logo.gif\" height=\"20%\" width=\"20%\">\n",
    "\n",
    "# TMVA Classification Example Using a Convolutional Neural Network"
   ]
  },
  {
   "cell_type": "markdown",
   "metadata": {},
   "source": [
    "## Declare Factory\n",
    "\n",
    "Create the Factory class. Later you can choose the methods\n",
    "whose performance you'd like to investigate. \n",
    "\n",
    "The factory is the major TMVA object you have to interact with. Here is the list of parameters you need to pass\n",
    "\n",
    " - The first argument is the base of the name of all the output\n",
    "weightfiles in the directory weight/ that will be created with the \n",
    "method parameters \n",
    "\n",
    " - The second argument is the output file for the training results\n",
    "  \n",
    " - The third argument is a string option defining some general configuration for the TMVA session. For example all TMVA output can be suppressed by removing the \"!\" (not) in front of the \"Silent\" argument in the option string"
   ]
  },
  {
   "cell_type": "code",
   "execution_count": 1,
   "metadata": {},
   "outputs": [],
   "source": [
    "TMVA::Tools::Instance();\n",
    "\n",
    " // for using Keras\n",
    "gSystem->Setenv(\"KERAS_BACKEND\",\"tensorflow\"); \n",
    "TMVA::PyMethodBase::PyInitialize();\n",
    "\n",
    "\n",
    "\n",
    "auto outputFile = TFile::Open(\"CNN_ClassificationOutput.root\", \"RECREATE\");\n",
    "\n",
    "TMVA::Factory factory(\"TMVA_CNN_Classification\", outputFile,\n",
    "                      \"!V:ROC:!Silent:Color:!DrawProgressBar:AnalysisType=Classification\" ); \n"
   ]
  },
  {
   "cell_type": "markdown",
   "metadata": {},
   "source": [
    "## Declare DataLoader(s)\n",
    "\n",
    "The next step is to declare the DataLoader class that deals with input variables \n",
    "\n",
    "Define the input variables that shall be used for the MVA training\n",
    "note that you may also use variable expressions, which can be parsed by TTree::Draw( \"expression\" )]\n",
    "\n",
    "In this case the input data consists of an image of 16x16 pixels. Each single pixel is a branch in a ROOT TTree"
   ]
  },
  {
   "cell_type": "code",
   "execution_count": 2,
   "metadata": {},
   "outputs": [],
   "source": [
    "TMVA::DataLoader * loader = new TMVA::DataLoader(\"dataset\");\n",
    "\n",
    "int imgSize = 8 * 8; \n",
    "for(auto i = 0; i < imgSize; i++)\n",
    " {\n",
    "     loader->AddVariable(Form(\"var%d\",i),'F');\n",
    " }"
   ]
  },
  {
   "cell_type": "markdown",
   "metadata": {},
   "source": [
    "## Setup Dataset(s)\n",
    "\n",
    "Define input data file and signal and background trees"
   ]
  },
  {
   "cell_type": "code",
   "execution_count": 3,
   "metadata": {},
   "outputs": [
    {
     "name": "stdout",
     "output_type": "stream",
     "text": [
      "DataSetInfo              : [dataset] : Added class \"Signal\"\n",
      "                         : Add Tree sig_tree of type Signal with 10000 events\n",
      "DataSetInfo              : [dataset] : Added class \"Background\"\n",
      "                         : Add Tree bkg_tree of type Background with 10000 events\n"
     ]
    }
   ],
   "source": [
    "TString inputFileName = \"images_data.root\";\n",
    "\n",
    "//TString inputFileName = \"tmva_class_example.root\";\n",
    "\n",
    "auto inputFile = TFile::Open( inputFileName );\n",
    "\n",
    "// --- Register the training and test trees\n",
    "\n",
    "TTree *signalTree     = (TTree*)inputFile->Get(\"sig_tree\");\n",
    "TTree *backgroundTree = (TTree*)inputFile->Get(\"bkg_tree\");\n",
    "\n",
    "// global event weights per tree (see below for setting event-wise weights)\n",
    "Double_t signalWeight     = 1.0;\n",
    "Double_t backgroundWeight = 1.0;\n",
    "   \n",
    "// You can add an arbitrary number of signal or background trees\n",
    "loader->AddSignalTree    ( signalTree,     signalWeight     );\n",
    "loader->AddBackgroundTree( backgroundTree, backgroundWeight );\n",
    "\n",
    "\n",
    "// Set individual event weights (the variables must exist in the original TTree)\n",
    "//    for signal    : factory->SetSignalWeightExpression    (\"weight1*weight2\");\n",
    "//    for background: factory->SetBackgroundWeightExpression(\"weight1*weight2\");\n",
    "//loader->SetBackgroundWeightExpression( \"weight\" );\n",
    "\n",
    "// Apply additional cuts on the signal and background samples (can be different)\n",
    "TCut mycuts = \"\"; // for example: TCut mycuts = \"abs(var1)<0.5 && abs(var2-0.5)<1\";\n",
    "TCut mycutb = \"\"; // for example: TCut mycutb = \"abs(var1)<0.5\";\n",
    "\n",
    "// Tell the factory how to use the training and testing events\n",
    "//\n",
    "// If no numbers of events are given, half of the events in the tree are used \n",
    "// for training, and the other half for testing:\n",
    "//    loader->PrepareTrainingAndTestTree( mycut, \"SplitMode=random:!V\" );\n",
    "// To also specify the number of testing events, use:\n",
    "\n",
    "loader->PrepareTrainingAndTestTree( mycuts, mycutb,\n",
    "                                    \"nTrain_Signal=0:nTrain_Background=0:SplitMode=Random:NormMode=NumEvents:!V\" );\n",
    "\n",
    "\n",
    "\n",
    "//loader->PrepareTrainingAndTestTree(mycuts, mycutb,\n",
    "//                                   \"nTrain_Signal=5000:nTrain_Background=5000:nTest_Signal=5000:nTest_Background=5000:SplitMode=Random:NormMode=NumEvents:!V\" ); \n"
   ]
  },
  {
   "cell_type": "markdown",
   "metadata": {},
   "source": [
    "# Booking Methods\n",
    "\n",
    "Here we book the TMVA methods. We book a Likelihood based on KDE, a Fischer discriminant and a BDT"
   ]
  },
  {
   "cell_type": "code",
   "execution_count": 4,
   "metadata": {},
   "outputs": [
    {
     "name": "stdout",
     "output_type": "stream",
     "text": [
      "Factory                  : Booking method: \u001b[1mBDT\u001b[0m\n",
      "                         : \n",
      "DataSetFactory           : [dataset] : Number of events in input trees\n",
      "                         : \n",
      "                         : \n",
      "                         : Number of training and testing events\n",
      "                         : ---------------------------------------------------------------------------\n",
      "                         : Signal     -- training events            : 5000\n",
      "                         : Signal     -- testing events             : 5000\n",
      "                         : Signal     -- training and testing events: 10000\n",
      "                         : Background -- training events            : 5000\n",
      "                         : Background -- testing events             : 5000\n",
      "                         : Background -- training and testing events: 10000\n",
      "                         : \n",
      "DataSetInfo              : Correlation matrix (Signal):\n",
      "                         : ----------------------------------------------------------------------------------------------------------------------------------------------------------------------------------------------------------------------------------------------------------------------------------------------------------------------------------------------------------------------------------------------------------------------------------------------------------------------------------------------------------------------------------------\n",
      "                         :             var0    var1    var2    var3    var4    var5    var6    var7    var8    var9   var10   var11   var12   var13   var14   var15   var16   var17   var18   var19   var20   var21   var22   var23   var24   var25   var26   var27   var28   var29   var30   var31   var32   var33   var34   var35   var36   var37   var38   var39   var40   var41   var42   var43   var44   var45   var46   var47   var48   var49   var50   var51   var52   var53   var54   var55   var56   var57   var58   var59   var60   var61   var62   var63\n",
      "                         :    var0:  +1.000  +0.270  +0.261  +0.210  +0.091  -0.039  -0.087  -0.103  +0.279  +0.321  +0.296  +0.202  +0.085  -0.098  -0.151  -0.145  +0.308  +0.301  +0.313  +0.190  +0.010  -0.095  -0.191  -0.184  +0.287  +0.276  +0.252  +0.113  -0.070  -0.217  -0.250  -0.221  +0.227  +0.233  +0.188  +0.026  -0.167  -0.252  -0.301  -0.233  +0.177  +0.155  +0.078  -0.048  -0.203  -0.273  -0.293  -0.241  +0.110  +0.075  +0.018  -0.103  -0.219  -0.261  -0.255  -0.226  +0.059  +0.014  -0.029  -0.113  -0.197  -0.236  -0.220  -0.184\n",
      "                         :    var1:  +0.270  +1.000  +0.360  +0.290  +0.176  +0.029  -0.055  -0.073  +0.345  +0.395  +0.380  +0.288  +0.164  -0.016  -0.082  -0.147  +0.337  +0.370  +0.370  +0.274  +0.074  -0.097  -0.178  -0.174  +0.302  +0.325  +0.294  +0.182  -0.076  -0.204  -0.269  -0.239  +0.241  +0.229  +0.188  +0.023  -0.196  -0.292  -0.316  -0.270  +0.154  +0.141  +0.050  -0.135  -0.282  -0.348  -0.323  -0.294  +0.065  +0.037  -0.056  -0.181  -0.303  -0.325  -0.327  -0.266  +0.036  +0.000  -0.084  -0.205  -0.269  -0.302  -0.290  -0.233\n",
      "                         :    var2:  +0.261  +0.360  +1.000  +0.348  +0.251  +0.147  +0.027  +0.004  +0.303  +0.379  +0.395  +0.352  +0.248  +0.072  -0.010  -0.069  +0.279  +0.335  +0.375  +0.293  +0.154  +0.006  -0.074  -0.109  +0.252  +0.262  +0.228  +0.184  +0.006  -0.129  -0.193  -0.186  +0.152  +0.158  +0.122  -0.026  -0.199  -0.271  -0.259  -0.237  +0.070  +0.037  -0.033  -0.190  -0.284  -0.335  -0.297  -0.267  -0.002  -0.043  -0.136  -0.232  -0.344  -0.364  -0.308  -0.262  -0.054  -0.080  -0.163  -0.270  -0.307  -0.353  -0.303  -0.206\n",
      "                         :    var3:  +0.210  +0.290  +0.348  +1.000  +0.336  +0.248  +0.160  +0.080  +0.217  +0.299  +0.342  +0.364  +0.332  +0.211  +0.114  +0.058  +0.167  +0.216  +0.269  +0.298  +0.228  +0.147  +0.057  +0.003  +0.117  +0.136  +0.148  +0.122  +0.071  -0.001  -0.046  -0.053  +0.025  +0.014  -0.035  -0.076  -0.134  -0.153  -0.145  -0.124  -0.030  -0.103  -0.160  -0.238  -0.293  -0.259  -0.203  -0.187  -0.108  -0.170  -0.253  -0.329  -0.361  -0.323  -0.263  -0.224  -0.129  -0.213  -0.274  -0.333  -0.342  -0.308  -0.282  -0.186\n",
      "                         :    var4:  +0.091  +0.176  +0.251  +0.336  +1.000  +0.333  +0.279  +0.189  +0.088  +0.151  +0.215  +0.319  +0.362  +0.333  +0.283  +0.187  +0.033  +0.060  +0.131  +0.258  +0.270  +0.278  +0.207  +0.173  -0.025  -0.038  -0.004  +0.074  +0.123  +0.146  +0.124  +0.090  -0.114  -0.148  -0.161  -0.142  -0.084  -0.039  +0.003  +0.014  -0.165  -0.217  -0.256  -0.283  -0.247  -0.149  -0.093  -0.061  -0.222  -0.253  -0.329  -0.365  -0.315  -0.247  -0.155  -0.111  -0.194  -0.263  -0.321  -0.346  -0.331  -0.275  -0.179  -0.113\n",
      "                         :    var5:  -0.039  +0.029  +0.147  +0.248  +0.333  +1.000  +0.326  +0.283  -0.036  -0.006  +0.087  +0.242  +0.355  +0.386  +0.372  +0.277  -0.102  -0.085  +0.007  +0.162  +0.278  +0.356  +0.311  +0.284  -0.159  -0.172  -0.143  +0.001  +0.161  +0.258  +0.257  +0.218  -0.225  -0.268  -0.261  -0.180  +0.011  +0.109  +0.155  +0.153  -0.260  -0.309  -0.331  -0.273  -0.177  -0.027  +0.062  +0.079  -0.247  -0.316  -0.356  -0.323  -0.248  -0.122  -0.032  -0.011  -0.213  -0.295  -0.321  -0.317  -0.261  -0.162  -0.101  -0.042\n",
      "                         :    var6:  -0.087  -0.055  +0.027  +0.160  +0.279  +0.326  +1.000  +0.280  -0.126  -0.101  -0.015  +0.145  +0.285  +0.384  +0.377  +0.333  -0.170  -0.164  -0.098  +0.073  +0.255  +0.344  +0.372  +0.342  -0.233  -0.253  -0.204  -0.063  +0.151  +0.293  +0.315  +0.284  -0.281  -0.289  -0.304  -0.190  +0.026  +0.145  +0.230  +0.222  -0.268  -0.331  -0.342  -0.263  -0.102  +0.056  +0.152  +0.131  -0.274  -0.318  -0.331  -0.275  -0.140  -0.033  +0.065  +0.082  -0.211  -0.268  -0.308  -0.274  -0.174  -0.090  -0.001  +0.009\n",
      "                         :    var7:  -0.103  -0.073  +0.004  +0.080  +0.189  +0.283  +0.280  +1.000  -0.126  -0.118  -0.062  +0.085  +0.198  +0.295  +0.331  +0.264  -0.181  -0.158  -0.103  +0.021  +0.175  +0.298  +0.311  +0.277  -0.203  -0.222  -0.203  -0.092  +0.124  +0.256  +0.291  +0.252  -0.224  -0.284  -0.261  -0.158  +0.046  +0.166  +0.216  +0.219  -0.244  -0.269  -0.278  -0.208  -0.062  +0.081  +0.158  +0.153  -0.211  -0.265  -0.250  -0.207  -0.094  +0.003  +0.067  +0.095  -0.194  -0.202  -0.214  -0.198  -0.127  -0.034  +0.033  +0.036\n",
      "                         :    var8:  +0.279  +0.345  +0.303  +0.217  +0.088  -0.036  -0.126  -0.126  +1.000  +0.369  +0.340  +0.222  +0.051  -0.128  -0.185  -0.183  +0.364  +0.377  +0.357  +0.213  -0.020  -0.172  -0.240  -0.252  +0.342  +0.371  +0.321  +0.158  -0.105  -0.271  -0.314  -0.280  +0.283  +0.305  +0.227  +0.064  -0.190  -0.323  -0.355  -0.297  +0.227  +0.215  +0.139  -0.058  -0.217  -0.345  -0.351  -0.296  +0.175  +0.132  +0.044  -0.099  -0.258  -0.296  -0.320  -0.257  +0.099  +0.062  -0.001  -0.088  -0.221  -0.277  -0.278  -0.185\n",
      "                         :    var9:  +0.321  +0.395  +0.379  +0.299  +0.151  -0.006  -0.101  -0.118  +0.369  +1.000  +0.428  +0.311  +0.119  -0.077  -0.167  -0.181  +0.385  +0.432  +0.418  +0.271  +0.035  -0.159  -0.238  -0.245  +0.370  +0.385  +0.346  +0.197  -0.096  -0.261  -0.337  -0.306  +0.297  +0.329  +0.248  +0.055  -0.210  -0.354  -0.384  -0.347  +0.226  +0.221  +0.113  -0.079  -0.304  -0.397  -0.396  -0.354  +0.140  +0.092  +0.014  -0.149  -0.332  -0.379  -0.385  -0.313  +0.074  +0.041  -0.051  -0.183  -0.290  -0.345  -0.354  -0.264\n",
      "                         :   var10:  +0.296  +0.380  +0.395  +0.342  +0.215  +0.087  -0.015  -0.062  +0.340  +0.428  +1.000  +0.360  +0.212  +0.037  -0.061  -0.124  +0.325  +0.399  +0.406  +0.309  +0.112  -0.064  -0.172  -0.185  +0.311  +0.340  +0.313  +0.201  -0.027  -0.195  -0.261  -0.260  +0.221  +0.241  +0.169  +0.019  -0.199  -0.324  -0.340  -0.310  +0.158  +0.128  +0.016  -0.141  -0.327  -0.397  -0.376  -0.340  +0.069  +0.025  -0.065  -0.212  -0.344  -0.396  -0.388  -0.317  +0.002  -0.055  -0.125  -0.253  -0.326  -0.365  -0.345  -0.288\n",
      "                         :   var11:  +0.202  +0.288  +0.352  +0.364  +0.319  +0.242  +0.145  +0.085  +0.222  +0.311  +0.360  +1.000  +0.329  +0.186  +0.115  +0.036  +0.166  +0.234  +0.295  +0.299  +0.209  +0.117  +0.034  -0.003  +0.129  +0.148  +0.156  +0.150  +0.041  -0.017  -0.085  -0.095  +0.043  +0.052  +0.010  -0.050  -0.140  -0.193  -0.181  -0.167  +0.003  -0.050  -0.124  -0.222  -0.308  -0.282  -0.235  -0.223  -0.077  -0.140  -0.214  -0.312  -0.348  -0.340  -0.290  -0.230  -0.105  -0.172  -0.229  -0.315  -0.349  -0.343  -0.293  -0.217\n",
      "                         :   var12:  +0.085  +0.164  +0.248  +0.332  +0.362  +0.355  +0.285  +0.198  +0.051  +0.119  +0.212  +0.329  +1.000  +0.347  +0.295  +0.195  -0.009  +0.041  +0.133  +0.257  +0.311  +0.281  +0.237  +0.171  -0.057  -0.048  -0.023  +0.087  +0.142  +0.158  +0.141  +0.122  -0.147  -0.178  -0.180  -0.169  -0.056  -0.006  +0.034  +0.043  -0.190  -0.246  -0.293  -0.298  -0.254  -0.128  -0.054  -0.029  -0.237  -0.292  -0.331  -0.342  -0.295  -0.218  -0.131  -0.096  -0.239  -0.289  -0.338  -0.371  -0.313  -0.272  -0.188  -0.106\n",
      "                         :   var13:  -0.098  -0.016  +0.072  +0.211  +0.333  +0.386  +0.384  +0.295  -0.128  -0.077  +0.037  +0.186  +0.347  +1.000  +0.414  +0.324  -0.195  -0.167  -0.070  +0.135  +0.285  +0.402  +0.377  +0.347  -0.246  -0.239  -0.212  -0.042  +0.184  +0.320  +0.338  +0.282  -0.294  -0.340  -0.337  -0.202  +0.013  +0.175  +0.224  +0.219  -0.305  -0.367  -0.372  -0.304  -0.116  +0.042  +0.142  +0.154  -0.336  -0.362  -0.384  -0.325  -0.188  -0.065  +0.026  +0.051  -0.269  -0.326  -0.347  -0.326  -0.236  -0.124  -0.028  -0.019\n",
      "                         :   var14:  -0.151  -0.082  -0.010  +0.114  +0.283  +0.372  +0.377  +0.331  -0.185  -0.167  -0.061  +0.115  +0.295  +0.414  +1.000  +0.353  -0.241  -0.249  -0.143  +0.051  +0.268  +0.404  +0.418  +0.371  -0.299  -0.307  -0.276  -0.077  +0.185  +0.344  +0.390  +0.342  -0.332  -0.369  -0.353  -0.201  +0.073  +0.236  +0.290  +0.283  -0.324  -0.392  -0.377  -0.270  -0.062  +0.107  +0.212  +0.206  -0.308  -0.378  -0.361  -0.284  -0.115  +0.005  +0.126  +0.120  -0.253  -0.304  -0.320  -0.277  -0.164  -0.044  +0.044  +0.047\n",
      "                         :   var15:  -0.145  -0.147  -0.069  +0.058  +0.187  +0.277  +0.333  +0.264  -0.183  -0.181  -0.124  +0.036  +0.195  +0.324  +0.353  +1.000  -0.246  -0.256  -0.196  -0.029  +0.191  +0.349  +0.378  +0.367  -0.274  -0.311  -0.280  -0.128  +0.149  +0.319  +0.378  +0.345  -0.301  -0.349  -0.318  -0.185  +0.060  +0.256  +0.309  +0.297  -0.303  -0.343  -0.330  -0.221  -0.037  +0.163  +0.240  +0.248  -0.260  -0.312  -0.319  -0.217  -0.056  +0.053  +0.153  +0.164  -0.218  -0.249  -0.252  -0.182  -0.103  +0.026  +0.101  +0.103\n",
      "                         :   var16:  +0.308  +0.337  +0.279  +0.167  +0.033  -0.102  -0.170  -0.181  +0.364  +0.385  +0.325  +0.166  -0.009  -0.195  -0.241  -0.246  +1.000  +0.407  +0.381  +0.197  -0.064  -0.258  -0.323  -0.294  +0.389  +0.399  +0.350  +0.170  -0.131  -0.319  -0.374  -0.326  +0.364  +0.379  +0.292  +0.105  -0.193  -0.365  -0.408  -0.362  +0.306  +0.303  +0.207  +0.012  -0.211  -0.360  -0.377  -0.339  +0.233  +0.221  +0.111  -0.027  -0.222  -0.322  -0.340  -0.316  +0.165  +0.136  +0.048  -0.055  -0.188  -0.263  -0.289  -0.224\n",
      "                         :   var17:  +0.301  +0.370  +0.335  +0.216  +0.060  -0.085  -0.164  -0.158  +0.377  +0.432  +0.399  +0.234  +0.041  -0.167  -0.249  -0.256  +0.407  +1.000  +0.416  +0.217  -0.041  -0.254  -0.335  -0.325  +0.426  +0.440  +0.384  +0.200  -0.141  -0.327  -0.412  -0.361  +0.372  +0.413  +0.304  +0.090  -0.236  -0.391  -0.430  -0.402  +0.306  +0.301  +0.201  -0.012  -0.252  -0.401  -0.417  -0.405  +0.234  +0.222  +0.130  -0.064  -0.265  -0.361  -0.406  -0.337  +0.162  +0.104  +0.045  -0.077  -0.213  -0.333  -0.331  -0.281\n",
      "                         :   var18:  +0.313  +0.370  +0.375  +0.269  +0.131  +0.007  -0.098  -0.103  +0.357  +0.418  +0.406  +0.295  +0.133  -0.070  -0.143  -0.196  +0.381  +0.416  +1.000  +0.264  +0.060  -0.152  -0.242  -0.251  +0.378  +0.368  +0.358  +0.198  -0.058  -0.255  -0.337  -0.300  +0.297  +0.310  +0.258  +0.051  -0.201  -0.345  -0.384  -0.336  +0.227  +0.217  +0.113  -0.050  -0.293  -0.411  -0.393  -0.365  +0.135  +0.117  +0.013  -0.133  -0.323  -0.380  -0.386  -0.336  +0.074  +0.021  -0.033  -0.155  -0.286  -0.364  -0.347  -0.255\n",
      "                         :   var19:  +0.190  +0.274  +0.293  +0.298  +0.258  +0.162  +0.073  +0.021  +0.213  +0.271  +0.309  +0.299  +0.257  +0.135  +0.051  -0.029  +0.197  +0.217  +0.264  +1.000  +0.170  +0.062  -0.019  -0.078  +0.153  +0.173  +0.175  +0.132  +0.038  -0.054  -0.123  -0.121  +0.093  +0.083  +0.071  -0.020  -0.124  -0.191  -0.211  -0.170  +0.027  -0.007  -0.043  -0.168  -0.252  -0.286  -0.249  -0.228  -0.032  -0.064  -0.138  -0.226  -0.289  -0.304  -0.276  -0.240  -0.073  -0.106  -0.163  -0.261  -0.313  -0.308  -0.299  -0.209\n",
      "                         :   var20:  +0.010  +0.074  +0.154  +0.228  +0.270  +0.278  +0.255  +0.175  -0.020  +0.035  +0.112  +0.209  +0.311  +0.285  +0.268  +0.191  -0.064  -0.041  +0.060  +0.170  +1.000  +0.270  +0.220  +0.198  -0.130  -0.116  -0.071  +0.012  +0.125  +0.193  +0.168  +0.136  -0.172  -0.188  -0.191  -0.114  -0.016  +0.063  +0.079  +0.090  -0.215  -0.253  -0.255  -0.222  -0.138  -0.069  +0.018  +0.032  -0.225  -0.272  -0.309  -0.282  -0.222  -0.145  -0.067  -0.025  -0.205  -0.262  -0.268  -0.284  -0.227  -0.156  -0.108  -0.072\n",
      "                         :   var21:  -0.095  -0.097  +0.006  +0.147  +0.278  +0.356  +0.344  +0.298  -0.172  -0.159  -0.064  +0.117  +0.281  +0.402  +0.404  +0.349  -0.258  -0.254  -0.152  +0.062  +0.270  +1.000  +0.418  +0.372  -0.309  -0.321  -0.277  -0.090  +0.212  +0.362  +0.383  +0.329  -0.345  -0.388  -0.359  -0.197  +0.065  +0.246  +0.293  +0.296  -0.365  -0.411  -0.379  -0.263  -0.057  +0.136  +0.212  +0.220  -0.336  -0.386  -0.394  -0.287  -0.113  +0.022  +0.115  +0.160  -0.283  -0.338  -0.324  -0.260  -0.154  -0.015  +0.061  +0.069\n",
      "                         :   var22:  -0.191  -0.178  -0.074  +0.057  +0.207  +0.311  +0.372  +0.311  -0.240  -0.238  -0.172  +0.034  +0.237  +0.377  +0.418  +0.378  -0.323  -0.335  -0.242  -0.019  +0.220  +0.418  +1.000  +0.410  -0.357  -0.386  -0.347  -0.141  +0.184  +0.396  +0.449  +0.407  -0.397  -0.439  -0.410  -0.239  +0.118  +0.298  +0.385  +0.379  -0.378  -0.427  -0.395  -0.238  +0.017  +0.228  +0.308  +0.301  -0.338  -0.377  -0.370  -0.243  -0.039  +0.122  +0.233  +0.210  -0.288  -0.316  -0.302  -0.239  -0.097  +0.042  +0.142  +0.141\n",
      "                         :   var23:  -0.184  -0.174  -0.109  +0.003  +0.173  +0.284  +0.342  +0.277  -0.252  -0.245  -0.185  -0.003  +0.171  +0.347  +0.371  +0.367  -0.294  -0.325  -0.251  -0.078  +0.198  +0.372  +0.410  +1.000  -0.352  -0.367  -0.337  -0.132  +0.170  +0.338  +0.435  +0.389  -0.371  -0.410  -0.376  -0.208  +0.095  +0.299  +0.371  +0.357  -0.330  -0.393  -0.355  -0.220  +0.030  +0.239  +0.307  +0.312  -0.322  -0.343  -0.310  -0.207  -0.018  +0.131  +0.247  +0.241  -0.249  -0.289  -0.269  -0.177  -0.050  +0.089  +0.139  +0.154\n",
      "                         :   var24:  +0.287  +0.302  +0.252  +0.117  -0.025  -0.159  -0.233  -0.203  +0.342  +0.370  +0.311  +0.129  -0.057  -0.246  -0.299  -0.274  +0.389  +0.426  +0.378  +0.153  -0.130  -0.309  -0.357  -0.352  +1.000  +0.432  +0.375  +0.155  -0.158  -0.389  -0.431  -0.351  +0.393  +0.436  +0.360  +0.106  -0.212  -0.388  -0.425  -0.392  +0.354  +0.358  +0.275  +0.068  -0.203  -0.361  -0.392  -0.377  +0.278  +0.285  +0.215  +0.024  -0.188  -0.298  -0.348  -0.312  +0.214  +0.210  +0.138  +0.001  -0.132  -0.254  -0.276  -0.253\n",
      "                         :   var25:  +0.276  +0.325  +0.262  +0.136  -0.038  -0.172  -0.253  -0.222  +0.371  +0.385  +0.340  +0.148  -0.048  -0.239  -0.307  -0.311  +0.399  +0.440  +0.368  +0.173  -0.116  -0.321  -0.386  -0.367  +0.432  +1.000  +0.401  +0.178  -0.174  -0.394  -0.460  -0.388  +0.416  +0.447  +0.371  +0.145  -0.207  -0.405  -0.456  -0.422  +0.381  +0.365  +0.281  +0.070  -0.195  -0.398  -0.432  -0.384  +0.308  +0.289  +0.214  +0.046  -0.175  -0.318  -0.385  -0.341  +0.206  +0.207  +0.152  +0.027  -0.163  -0.270  -0.313  -0.257\n",
      "                         :   var26:  +0.252  +0.294  +0.228  +0.148  -0.004  -0.143  -0.204  -0.203  +0.321  +0.346  +0.313  +0.156  -0.023  -0.212  -0.276  -0.280  +0.350  +0.384  +0.358  +0.175  -0.071  -0.277  -0.347  -0.337  +0.375  +0.401  +1.000  +0.164  -0.140  -0.336  -0.408  -0.364  +0.340  +0.388  +0.332  +0.139  -0.186  -0.376  -0.423  -0.386  +0.312  +0.333  +0.246  +0.062  -0.185  -0.363  -0.387  -0.362  +0.239  +0.245  +0.183  +0.026  -0.179  -0.312  -0.353  -0.331  +0.176  +0.168  +0.121  -0.005  -0.153  -0.239  -0.286  -0.260\n",
      "                         :   var27:  +0.113  +0.182  +0.184  +0.122  +0.074  +0.001  -0.063  -0.092  +0.158  +0.197  +0.201  +0.150  +0.087  -0.042  -0.077  -0.128  +0.170  +0.200  +0.198  +0.132  +0.012  -0.090  -0.141  -0.132  +0.155  +0.178  +0.164  +1.000  -0.025  -0.129  -0.192  -0.179  +0.138  +0.150  +0.134  +0.030  -0.123  -0.175  -0.211  -0.220  +0.113  +0.097  +0.055  -0.003  -0.152  -0.206  -0.223  -0.211  +0.064  +0.048  -0.007  -0.070  -0.150  -0.201  -0.205  -0.190  +0.027  +0.037  -0.009  -0.077  -0.138  -0.176  -0.184  -0.157\n",
      "                         :   var28:  -0.070  -0.076  +0.006  +0.071  +0.123  +0.161  +0.151  +0.124  -0.105  -0.096  -0.027  +0.041  +0.142  +0.184  +0.185  +0.149  -0.131  -0.141  -0.058  +0.038  +0.125  +0.212  +0.184  +0.170  -0.158  -0.174  -0.140  -0.025  +1.000  +0.153  +0.183  +0.139  -0.191  -0.219  -0.167  -0.092  +0.042  +0.122  +0.143  +0.138  -0.183  -0.234  -0.211  -0.136  -0.001  +0.082  +0.120  +0.090  -0.192  -0.222  -0.193  -0.147  -0.031  +0.011  +0.088  +0.075  -0.185  -0.184  -0.165  -0.154  -0.079  -0.023  +0.044  +0.061\n",
      "                         :   var29:  -0.217  -0.204  -0.129  -0.001  +0.146  +0.258  +0.293  +0.256  -0.271  -0.261  -0.195  -0.017  +0.158  +0.320  +0.344  +0.319  -0.319  -0.327  -0.255  -0.054  +0.193  +0.362  +0.396  +0.338  -0.389  -0.394  -0.336  -0.129  +0.153  +1.000  +0.426  +0.369  -0.385  -0.429  -0.386  -0.199  +0.138  +0.319  +0.369  +0.355  -0.374  -0.397  -0.353  -0.160  +0.059  +0.260  +0.333  +0.307  -0.340  -0.352  -0.333  -0.178  +0.019  +0.166  +0.254  +0.243  -0.270  -0.273  -0.275  -0.159  -0.016  +0.107  +0.175  +0.172\n",
      "                         :   var30:  -0.250  -0.269  -0.193  -0.046  +0.124  +0.257  +0.315  +0.291  -0.314  -0.337  -0.261  -0.085  +0.141  +0.338  +0.390  +0.378  -0.374  -0.412  -0.337  -0.123  +0.168  +0.383  +0.449  +0.435  -0.431  -0.460  -0.408  -0.192  +0.183  +0.426  +1.000  +0.455  -0.436  -0.485  -0.450  -0.210  +0.156  +0.385  +0.474  +0.450  -0.419  -0.465  -0.390  -0.209  +0.099  +0.316  +0.401  +0.404  -0.349  -0.393  -0.341  -0.195  +0.066  +0.232  +0.327  +0.317  -0.281  -0.293  -0.262  -0.157  +0.017  +0.164  +0.242  +0.244\n",
      "                         :   var31:  -0.221  -0.239  -0.186  -0.053  +0.090  +0.218  +0.284  +0.252  -0.280  -0.306  -0.260  -0.095  +0.122  +0.282  +0.342  +0.345  -0.326  -0.361  -0.300  -0.121  +0.136  +0.329  +0.407  +0.389  -0.351  -0.388  -0.364  -0.179  +0.139  +0.369  +0.455  +1.000  -0.381  -0.419  -0.398  -0.196  +0.126  +0.329  +0.417  +0.390  -0.347  -0.400  -0.336  -0.164  +0.083  +0.300  +0.382  +0.358  -0.314  -0.333  -0.288  -0.155  +0.051  +0.222  +0.296  +0.290  -0.231  -0.258  -0.215  -0.138  +0.034  +0.154  +0.236  +0.203\n",
      "                         :   var32:  +0.227  +0.241  +0.152  +0.025  -0.114  -0.225  -0.281  -0.224  +0.283  +0.297  +0.221  +0.043  -0.147  -0.294  -0.332  -0.301  +0.364  +0.372  +0.297  +0.093  -0.172  -0.345  -0.397  -0.371  +0.393  +0.416  +0.340  +0.138  -0.191  -0.385  -0.436  -0.381  +1.000  +0.434  +0.371  +0.158  -0.183  -0.368  -0.413  -0.372  +0.382  +0.418  +0.356  +0.123  -0.130  -0.323  -0.381  -0.349  +0.347  +0.342  +0.274  +0.118  -0.110  -0.238  -0.306  -0.291  +0.272  +0.284  +0.206  +0.102  -0.065  -0.180  -0.243  -0.233\n",
      "                         :   var33:  +0.233  +0.229  +0.158  +0.014  -0.148  -0.268  -0.289  -0.284  +0.305  +0.329  +0.241  +0.052  -0.178  -0.340  -0.369  -0.349  +0.379  +0.413  +0.310  +0.083  -0.188  -0.388  -0.439  -0.410  +0.436  +0.447  +0.388  +0.150  -0.219  -0.429  -0.485  -0.419  +0.434  +1.000  +0.410  +0.182  -0.178  -0.389  -0.457  -0.415  +0.418  +0.451  +0.373  +0.174  -0.109  -0.355  -0.426  -0.364  +0.366  +0.379  +0.331  +0.166  -0.092  -0.258  -0.341  -0.298  +0.287  +0.299  +0.260  +0.126  -0.037  -0.181  -0.259  -0.238\n",
      "                         :   var34:  +0.188  +0.188  +0.122  -0.035  -0.161  -0.261  -0.304  -0.261  +0.227  +0.248  +0.169  +0.010  -0.180  -0.337  -0.353  -0.318  +0.292  +0.304  +0.258  +0.071  -0.191  -0.359  -0.410  -0.376  +0.360  +0.371  +0.332  +0.134  -0.167  -0.386  -0.450  -0.398  +0.371  +0.410  +1.000  +0.181  -0.133  -0.339  -0.404  -0.360  +0.388  +0.409  +0.357  +0.177  -0.075  -0.290  -0.339  -0.322  +0.309  +0.338  +0.314  +0.183  -0.049  -0.179  -0.261  -0.267  +0.249  +0.289  +0.252  +0.152  -0.001  -0.123  -0.201  -0.194\n",
      "                         :   var35:  +0.026  +0.023  -0.026  -0.076  -0.142  -0.180  -0.190  -0.158  +0.064  +0.055  +0.019  -0.050  -0.169  -0.202  -0.201  -0.185  +0.105  +0.090  +0.051  -0.020  -0.114  -0.197  -0.239  -0.208  +0.106  +0.145  +0.139  +0.030  -0.092  -0.199  -0.210  -0.196  +0.158  +0.182  +0.181  +1.000  -0.014  -0.148  -0.180  -0.184  +0.181  +0.196  +0.198  +0.135  +0.033  -0.089  -0.134  -0.123  +0.167  +0.200  +0.190  +0.145  +0.055  -0.043  -0.093  -0.094  +0.135  +0.160  +0.168  +0.141  +0.065  -0.001  -0.049  -0.049\n",
      "                         :   var36:  -0.167  -0.196  -0.199  -0.134  -0.084  +0.011  +0.026  +0.046  -0.190  -0.210  -0.199  -0.140  -0.056  +0.013  +0.073  +0.060  -0.193  -0.236  -0.201  -0.124  -0.016  +0.065  +0.118  +0.095  -0.212  -0.207  -0.186  -0.123  +0.042  +0.138  +0.156  +0.126  -0.183  -0.178  -0.133  -0.014  +1.000  +0.180  +0.184  +0.158  -0.167  -0.133  -0.087  +0.025  +0.140  +0.211  +0.190  +0.174  -0.103  -0.083  -0.022  +0.056  +0.158  +0.184  +0.196  +0.163  -0.083  -0.045  +0.001  +0.081  +0.139  +0.166  +0.171  +0.144\n",
      "                         :   var37:  -0.252  -0.292  -0.271  -0.153  -0.039  +0.109  +0.145  +0.166  -0.323  -0.354  -0.324  -0.193  -0.006  +0.175  +0.236  +0.256  -0.365  -0.391  -0.345  -0.191  +0.063  +0.246  +0.298  +0.299  -0.388  -0.405  -0.376  -0.175  +0.122  +0.319  +0.385  +0.329  -0.368  -0.389  -0.339  -0.148  +0.180  +1.000  +0.392  +0.375  -0.322  -0.329  -0.246  -0.042  +0.173  +0.374  +0.388  +0.363  -0.247  -0.259  -0.176  -0.007  +0.206  +0.317  +0.352  +0.328  -0.189  -0.194  -0.136  -0.003  +0.154  +0.268  +0.303  +0.254\n",
      "                         :   var38:  -0.301  -0.316  -0.259  -0.145  +0.003  +0.155  +0.230  +0.216  -0.355  -0.384  -0.340  -0.181  +0.034  +0.224  +0.290  +0.309  -0.408  -0.430  -0.384  -0.211  +0.079  +0.293  +0.385  +0.371  -0.425  -0.456  -0.423  -0.211  +0.143  +0.369  +0.474  +0.417  -0.413  -0.457  -0.404  -0.180  +0.184  +0.392  +1.000  +0.444  -0.391  -0.404  -0.318  -0.114  +0.175  +0.393  +0.458  +0.415  -0.322  -0.332  -0.247  -0.079  +0.195  +0.346  +0.410  +0.369  -0.235  -0.230  -0.177  -0.039  +0.137  +0.269  +0.344  +0.291\n",
      "                         :   var39:  -0.233  -0.270  -0.237  -0.124  +0.014  +0.153  +0.222  +0.219  -0.297  -0.347  -0.310  -0.167  +0.043  +0.219  +0.283  +0.297  -0.362  -0.402  -0.336  -0.170  +0.090  +0.296  +0.379  +0.357  -0.392  -0.422  -0.386  -0.220  +0.138  +0.355  +0.450  +0.390  -0.372  -0.415  -0.360  -0.184  +0.158  +0.375  +0.444  +1.000  -0.357  -0.383  -0.302  -0.124  +0.175  +0.345  +0.425  +0.393  -0.285  -0.322  -0.230  -0.092  +0.150  +0.286  +0.372  +0.341  -0.214  -0.234  -0.168  -0.040  +0.114  +0.245  +0.307  +0.262\n",
      "                         :   var40:  +0.177  +0.154  +0.070  -0.030  -0.165  -0.260  -0.268  -0.244  +0.227  +0.226  +0.158  +0.003  -0.190  -0.305  -0.324  -0.303  +0.306  +0.306  +0.227  +0.027  -0.215  -0.365  -0.378  -0.330  +0.354  +0.381  +0.312  +0.113  -0.183  -0.374  -0.419  -0.347  +0.382  +0.418  +0.388  +0.181  -0.167  -0.322  -0.391  -0.357  +1.000  +0.427  +0.371  +0.190  -0.082  -0.265  -0.345  -0.330  +0.363  +0.381  +0.327  +0.185  -0.052  -0.189  -0.277  -0.269  +0.278  +0.300  +0.279  +0.157  -0.010  -0.116  -0.220  -0.197\n",
      "                         :   var41:  +0.155  +0.141  +0.037  -0.103  -0.217  -0.309  -0.331  -0.269  +0.215  +0.221  +0.128  -0.050  -0.246  -0.367  -0.392  -0.343  +0.303  +0.301  +0.217  -0.007  -0.253  -0.411  -0.427  -0.393  +0.358  +0.365  +0.333  +0.097  -0.234  -0.397  -0.465  -0.400  +0.418  +0.451  +0.409  +0.196  -0.133  -0.329  -0.404  -0.383  +0.427  +1.000  +0.418  +0.243  -0.034  -0.263  -0.348  -0.337  +0.397  +0.439  +0.398  +0.263  +0.001  -0.165  -0.276  -0.264  +0.314  +0.354  +0.331  +0.233  +0.045  -0.102  -0.198  -0.192\n",
      "                         :   var42:  +0.078  +0.050  -0.033  -0.160  -0.256  -0.331  -0.342  -0.278  +0.139  +0.113  +0.016  -0.124  -0.293  -0.372  -0.377  -0.330  +0.207  +0.201  +0.113  -0.043  -0.255  -0.379  -0.395  -0.355  +0.275  +0.281  +0.246  +0.055  -0.211  -0.353  -0.390  -0.336  +0.356  +0.373  +0.357  +0.198  -0.087  -0.246  -0.318  -0.302  +0.371  +0.418  +1.000  +0.260  +0.044  -0.135  -0.258  -0.252  +0.355  +0.414  +0.399  +0.290  +0.092  -0.048  -0.175  -0.197  +0.315  +0.363  +0.348  +0.269  +0.133  -0.006  -0.087  -0.112\n",
      "                         :   var43:  -0.048  -0.135  -0.190  -0.238  -0.283  -0.273  -0.263  -0.208  -0.058  -0.079  -0.141  -0.222  -0.298  -0.304  -0.270  -0.221  +0.012  -0.012  -0.050  -0.168  -0.222  -0.263  -0.238  -0.220  +0.068  +0.070  +0.062  -0.003  -0.136  -0.160  -0.209  -0.164  +0.123  +0.174  +0.177  +0.135  +0.025  -0.042  -0.114  -0.124  +0.190  +0.243  +0.260  +1.000  +0.157  +0.042  -0.054  -0.072  +0.195  +0.269  +0.308  +0.292  +0.212  +0.135  +0.023  -0.018  +0.196  +0.251  +0.279  +0.316  +0.224  +0.152  +0.074  +0.029\n",
      "                         :   var44:  -0.203  -0.282  -0.284  -0.293  -0.247  -0.177  -0.102  -0.062  -0.217  -0.304  -0.327  -0.308  -0.254  -0.116  -0.062  -0.037  -0.211  -0.252  -0.293  -0.252  -0.138  -0.057  +0.017  +0.030  -0.203  -0.195  -0.185  -0.152  -0.001  +0.059  +0.099  +0.083  -0.130  -0.109  -0.075  +0.033  +0.140  +0.173  +0.175  +0.175  -0.082  -0.034  +0.044  +0.157  +1.000  +0.274  +0.232  +0.203  -0.028  +0.032  +0.110  +0.221  +0.316  +0.316  +0.260  +0.227  +0.037  +0.088  +0.135  +0.236  +0.300  +0.314  +0.267  +0.199\n",
      "                         :   var45:  -0.273  -0.348  -0.335  -0.259  -0.149  -0.027  +0.056  +0.081  -0.345  -0.397  -0.397  -0.282  -0.128  +0.042  +0.107  +0.163  -0.360  -0.401  -0.411  -0.286  -0.069  +0.136  +0.228  +0.239  -0.361  -0.398  -0.363  -0.206  +0.082  +0.260  +0.316  +0.300  -0.323  -0.355  -0.290  -0.089  +0.211  +0.374  +0.393  +0.345  -0.265  -0.263  -0.135  +0.042  +0.274  +1.000  +0.426  +0.373  -0.194  -0.174  -0.075  +0.093  +0.309  +0.397  +0.414  +0.369  -0.127  -0.088  -0.009  +0.126  +0.274  +0.362  +0.374  +0.305\n",
      "                         :   var46:  -0.293  -0.323  -0.297  -0.203  -0.093  +0.062  +0.152  +0.158  -0.351  -0.396  -0.376  -0.235  -0.054  +0.142  +0.212  +0.240  -0.377  -0.417  -0.393  -0.249  +0.018  +0.212  +0.308  +0.307  -0.392  -0.432  -0.387  -0.223  +0.120  +0.333  +0.401  +0.382  -0.381  -0.426  -0.339  -0.134  +0.190  +0.388  +0.458  +0.425  -0.345  -0.348  -0.258  -0.054  +0.232  +0.426  +1.000  +0.415  -0.264  -0.265  -0.160  +0.009  +0.250  +0.371  +0.423  +0.384  -0.179  -0.164  -0.100  +0.039  +0.218  +0.326  +0.366  +0.320\n",
      "                         :   var47:  -0.241  -0.294  -0.267  -0.187  -0.061  +0.079  +0.131  +0.153  -0.296  -0.354  -0.340  -0.223  -0.029  +0.154  +0.206  +0.248  -0.339  -0.405  -0.365  -0.228  +0.032  +0.220  +0.301  +0.312  -0.377  -0.384  -0.362  -0.211  +0.090  +0.307  +0.404  +0.358  -0.349  -0.364  -0.322  -0.123  +0.174  +0.363  +0.415  +0.393  -0.330  -0.337  -0.252  -0.072  +0.203  +0.373  +0.415  +1.000  -0.249  -0.252  -0.175  -0.011  +0.209  +0.316  +0.395  +0.351  -0.187  -0.171  -0.112  +0.008  +0.167  +0.292  +0.338  +0.286\n",
      "                         :   var48:  +0.110  +0.065  -0.002  -0.108  -0.222  -0.247  -0.274  -0.211  +0.175  +0.140  +0.069  -0.077  -0.237  -0.336  -0.308  -0.260  +0.233  +0.234  +0.135  -0.032  -0.225  -0.336  -0.338  -0.322  +0.278  +0.308  +0.239  +0.064  -0.192  -0.340  -0.349  -0.314  +0.347  +0.366  +0.309  +0.167  -0.103  -0.247  -0.322  -0.285  +0.363  +0.397  +0.355  +0.195  -0.028  -0.194  -0.264  -0.249  +1.000  +0.377  +0.353  +0.216  +0.023  -0.114  -0.191  -0.207  +0.291  +0.326  +0.299  +0.222  +0.074  -0.043  -0.122  -0.127\n",
      "                         :   var49:  +0.075  +0.037  -0.043  -0.170  -0.253  -0.316  -0.318  -0.265  +0.132  +0.092  +0.025  -0.140  -0.292  -0.362  -0.378  -0.312  +0.221  +0.222  +0.117  -0.064  -0.272  -0.386  -0.377  -0.343  +0.285  +0.289  +0.245  +0.048  -0.222  -0.352  -0.393  -0.333  +0.342  +0.379  +0.338  +0.200  -0.083  -0.259  -0.332  -0.322  +0.381  +0.439  +0.414  +0.269  +0.032  -0.174  -0.265  -0.252  +0.377  +1.000  +0.419  +0.276  +0.083  -0.064  -0.178  -0.189  +0.333  +0.376  +0.373  +0.285  +0.125  -0.006  -0.106  -0.128\n",
      "                         :   var50:  +0.018  -0.056  -0.136  -0.253  -0.329  -0.356  -0.331  -0.250  +0.044  +0.014  -0.065  -0.214  -0.331  -0.384  -0.361  -0.319  +0.111  +0.130  +0.013  -0.138  -0.309  -0.394  -0.370  -0.310  +0.215  +0.214  +0.183  -0.007  -0.193  -0.333  -0.341  -0.288  +0.274  +0.331  +0.314  +0.190  -0.022  -0.176  -0.247  -0.230  +0.327  +0.398  +0.399  +0.308  +0.110  -0.075  -0.160  -0.175  +0.353  +0.419  +1.000  +0.355  +0.190  +0.040  -0.072  -0.128  +0.306  +0.352  +0.411  +0.361  +0.233  +0.071  -0.012  -0.066\n",
      "                         :   var51:  -0.103  -0.181  -0.232  -0.329  -0.365  -0.323  -0.275  -0.207  -0.099  -0.149  -0.212  -0.312  -0.342  -0.325  -0.284  -0.217  -0.027  -0.064  -0.133  -0.226  -0.282  -0.287  -0.243  -0.207  +0.024  +0.046  +0.026  -0.070  -0.147  -0.178  -0.195  -0.155  +0.118  +0.166  +0.183  +0.145  +0.056  -0.007  -0.079  -0.092  +0.185  +0.263  +0.290  +0.292  +0.221  +0.093  +0.009  -0.011  +0.216  +0.276  +0.355  +1.000  +0.293  +0.193  +0.099  +0.063  +0.229  +0.302  +0.340  +0.383  +0.329  +0.222  +0.140  +0.070\n",
      "                         :   var52:  -0.219  -0.303  -0.344  -0.361  -0.315  -0.248  -0.140  -0.094  -0.258  -0.332  -0.344  -0.348  -0.295  -0.188  -0.115  -0.056  -0.222  -0.265  -0.323  -0.289  -0.222  -0.113  -0.039  -0.018  -0.188  -0.175  -0.179  -0.150  -0.031  +0.019  +0.066  +0.051  -0.110  -0.092  -0.049  +0.055  +0.158  +0.206  +0.195  +0.150  -0.052  +0.001  +0.092  +0.212  +0.316  +0.309  +0.250  +0.209  +0.023  +0.083  +0.190  +0.293  +1.000  +0.352  +0.288  +0.229  +0.075  +0.127  +0.217  +0.317  +0.362  +0.351  +0.320  +0.223\n",
      "                         :   var53:  -0.261  -0.325  -0.364  -0.323  -0.247  -0.122  -0.033  +0.003  -0.296  -0.379  -0.396  -0.340  -0.218  -0.065  +0.005  +0.053  -0.322  -0.361  -0.380  -0.304  -0.145  +0.022  +0.122  +0.131  -0.298  -0.318  -0.312  -0.201  +0.011  +0.166  +0.232  +0.222  -0.238  -0.258  -0.179  -0.043  +0.184  +0.317  +0.346  +0.286  -0.189  -0.165  -0.048  +0.135  +0.316  +0.397  +0.371  +0.316  -0.114  -0.064  +0.040  +0.193  +0.352  +1.000  +0.407  +0.333  -0.035  +0.010  +0.076  +0.223  +0.337  +0.388  +0.377  +0.276\n",
      "                         :   var54:  -0.255  -0.327  -0.308  -0.263  -0.155  -0.032  +0.065  +0.067  -0.320  -0.385  -0.388  -0.290  -0.131  +0.026  +0.126  +0.153  -0.340  -0.406  -0.386  -0.276  -0.067  +0.115  +0.233  +0.247  -0.348  -0.385  -0.353  -0.205  +0.088  +0.254  +0.327  +0.296  -0.306  -0.341  -0.261  -0.093  +0.196  +0.352  +0.410  +0.372  -0.277  -0.276  -0.175  +0.023  +0.260  +0.414  +0.423  +0.395  -0.191  -0.178  -0.072  +0.099  +0.288  +0.407  +1.000  +0.375  -0.117  -0.092  -0.024  +0.112  +0.275  +0.353  +0.377  +0.320\n",
      "                         :   var55:  -0.226  -0.266  -0.262  -0.224  -0.111  -0.011  +0.082  +0.095  -0.257  -0.313  -0.317  -0.230  -0.096  +0.051  +0.120  +0.164  -0.316  -0.337  -0.336  -0.240  -0.025  +0.160  +0.210  +0.241  -0.312  -0.341  -0.331  -0.190  +0.075  +0.243  +0.317  +0.290  -0.291  -0.298  -0.267  -0.094  +0.163  +0.328  +0.369  +0.341  -0.269  -0.264  -0.197  -0.018  +0.227  +0.369  +0.384  +0.351  -0.207  -0.189  -0.128  +0.063  +0.229  +0.333  +0.375  +1.000  -0.121  -0.115  -0.057  +0.070  +0.217  +0.309  +0.321  +0.278\n",
